33,1
33,0
32,3
32,2
32,1
32,0
31,4
31,3
31,2
31,1
31,0
30,8
30,7
30,6
30,5
30,4
30,3
30,2
30,1
30,0
29,5
29,4
29,3
29,2
29,1
29,0
28,3
28,2
28,1
28,0
27,6
27,5
27,4
27,3
27,2
27,1
27,0
26,4
26,3
26,2
26,1
26,0
25,4
25,3
25,2
25,1
25,0
24,7
24,6
24,5
24,4
24,3
24,2
24,1
24,0
23,5
23,4
23,3
23,2
23,1
23,0
22,10
22,9
22,8
22,7
22,6
22,5
22,4
22,3
22,2
22,1
22,0
21,4
21,3
21,2
21,1
21,0
20,9
20,8
20,7
20,6
20,5
20,4
20,3
20,2
20,1
20,0
19,10
19,9
19,8
19,7
19,6
19,5
19,4
19,3
19,2
19,1
19,0
18,5
18,4
18,3
18,2
18,1
18,0
17,5
17,4
17,3
17,2
17,1
17,0
16,3
16,2
16,1
16,0
15,4
15,3
15,2
15,1
15,0
14,4
14,3
14,2
14,1
14,0
13,37
13,36
13,35
13,34
13,33
13,32
13,31
13,30
13,29
13,28
13,27
13,26
13,25
13,24
13,23
13,22
13,21
13,20
13,19
13,18
13,17
13,16
13,15
13,14
13,13
13,12
13,11
13,10
13,9
13,8
13,7
13,6
13,5
13,4
13,3
13,2
13,1
13,0
12,4
12,3
12,2
12,1
12,0
11,9
11,8
11,7
11,6
11,5
11,4
11,3
11,2
11,1
11,0
10,4
10,3
10,2
10,1
10,0
9,4
9,3
9,2
9,1
9,0
8,3
8,2
8,1
8,0
7,3
5,26
5,25
5,24
5,23
5,22
5,21
5,20
5,19
5,18
5,17
5,16
5,15
5,14
5,13
5,12
5,11
5,10
5,9
5,8
5,7
5,6
5,5
5,4
5,3
5,2
5,0
4,3
3,2
2,2
1,2
0,61
0,60
0,58
0,57
0,55
0,52
0,51
0,9
0,2
33,2
33,3
34,0
34,1
34,3
34,4
35,0
35,2
35,3
36,1
36,2
37,0
37,2
37,3
38,0
38,1
38,3
38,4
38,6
39,1
39,2
39,4
39,5
40,1
40,3
40,4
41,0
41,1
41,3
41,4
42,0
42,2
42,3
42,5
43,0
43,2
43,4
43,5
44,0
44,1
44,3
44,4
45,0
45,2
45,3
46,0
46,1
46,3
47,0
47,1
47,3
47,4
48,0
48,2
48,3
48,5
48,6
49,1
49,2
49,4
49,6
50,0
50,2
50,3
50,5
51,0
51,1
51,3
51,4
52,1
52,2
52,4
53,0
53,1
53,3
53,4
53,6
54,1
54,2
54,4
54,5
55,1
55,2
55,4
56,0
56,1
56,3
56,4
57,0
57,2
57,3
58,0
58,1
58,3
58,5
59,0
59,2
59,3
60,0
60,1
60,3
61,0
61,1
61,3
61,4
62,1
62,3
62,4
63,1
63,2
63,4
64,0
64,2
64,4
65,0
65,2
65,3
66,0
66,2
66,3
67,0
67,1
67,3
67,4
68,1
68,3
68,4
69,1
69,2
69,4
69,6
69,7
70,0
70,1
70,3
71,0
71,2
71,4
71,5
71,7
72,0
72,2
72,4
72,5
73,1
73,2
73,4
74,0
74,1
74,3
75,0
75,2
75,3
76,0
76,2
76,3
77,0
77,1
77,3
77,5
78,0
78,2
78,3
79,0
79,1
79,3
80,0
80,1
80,3
80,4
81,1
81,3
82,0
82,2
82,3
83,0
83,1
83,3
84,1
84,2
84,4
84,5
85,0
85,2
85,3
85,5
85,6
86,1
86,3
86,4
86,6
86,7
86,9
87,0
87,2
87,4
87,5
88,0
88,1
88,3
89,0
89,1
89,3
89,4
89,6
89,7
89,9
89,11
89,12
89,14
89,15
89,17
89,19
89,20
90,0
90,1
90,3
90,4
91,1
91,3
91,4
91,6
92,0
92,2
92,4
92,5
93,1
93,2
93,4
94,0
94,2
94,4
95,0
95,2
95,3
95,5
96,1
96,2
96,4
96,5
96,7
97,1
97,2
97,4
97,5
97,7
98,0
98,2
98,4
98,5
99,0
99,1
99,3
99,5
100,0
100,2
100,3
100,5
100,6
101,1
101,3
101,4
101,6
102,0
102,2
102,4
103,0
103,2
103,3
104,0
104,1
104,3
105,0
105,1
105,3
105,4
106,0
106,2
106,3
106,5
107,0
107,2
107,4
108,0
108,2
108,3
108,5
109,0
109,2
109,4
110,0
110,2
110,3
111,1
111,3
112,0
112,2
112,3
113,0
113,1
113,3
114,0
114,1
114,3
115,0
115,2
115,4
116,0
116,2
116,3
116,5
116,6
116,8
117,0
117,1
117,3
117,4
118,1
118,3
118,4
118,6
118,7
118,9
119,1
119,2
119,4
119,5
120,0
120,1
120,3
120,5
120,6
121,1
121,2
121,4
122,0
122,1
122,3
122,4
123,1
123,2
123,4
124,0
124,1
124,3
124,4
125,0
125,2
125,3
126,0
126,1
126,3
127,0
127,2
127,4
128,0
128,2
128,3
128,5
129,0
129,1
129,3
129,4
129,6
130,0
130,2
130,4
131,0
131,2
131,3
132,0
132,2
132,3
133,1
133,2
134,0
134,2
134,3
135,1
135,2
136,0
136,1
136,3
137,0
137,1
137,3
137,4
138,0
138,2
138,3
138,5
139,0
139,2
139,3
140,0
140,2
140,3
140,5
140,6
141,1
141,3
141,4
142,1
142,2
142,4
142,5
143,1
143,3
143,4
143,2
143,0
142,3
142,0
141,2
141,0
140,4
140,1
139,4
139,1
138,4
138,1
137,5
137,2
136,4
136,2
135,3
135,0
134,1
133,3
133,0
132,1
131,4
131,1
130,3
130,1
129,5
129,2
128,6
128,4
128,1
127,3
127,1
126,2
125,4
125,1
124,5
124,2
123,5
123,3
123,0
122,2
121,5
121,3
121,0
120,4
120,2
119,6
119,3
119,0
118,8
118,5
118,2
118,0
117,2
116,9
116,7
116,4
116,1
115,3
115,1
114,2
113,4
113,2
112,4
112,1
111,2
111,0
110,1
109,3
109,1
108,4
108,1
107,3
107,1
106,4
106,1
105,5
105,2
104,4
104,2
103,4
103,1
102,3
102,1
101,5
101,2
101,0
100,4
100,1
99,4
99,2
98,6
98,3
98,1
97,6
97,3
97,0
96,6
96,3
96,0
95,4
95,1
94,3
94,1
93,3
93,0
92,3
92,1
91,5
91,2
91,0
90,2
89,21
89,18
89,16
89,13
89,10
89,8
89,5
89,2
88,4
88,2
87,6
87,3
87,1
86,8
86,5
86,2
86,0
85,4
85,1
84,6
84,3
84,0
83,2
82,4
82,1
81,2
81,0
80,2
79,4
79,2
78,4
78,1
77,4
77,2
76,4
76,1
75,4
75,1
74,2
73,5
73,3
73,0
72,3
72,1
71,6
71,3
71,1
70,2
69,8
69,5
69,3
69,0
68,2
68,0
67,2
66,4
66,1
65,4
65,1
64,3
64,1
63,3
63,0
62,2
62,0
61,2
60,4
60,2
59,4
59,1
58,4
58,2
57,4
57,1
56,5
56,2
55,5
55,3
55,0
54,3
54,0
53,5
53,2
52,5
52,3
52,0
51,2
50,6
50,4
50,1
49,5
49,3
49,0
48,4
48,1
47,5
47,2
46,4
46,2
45,4
45,1
44,5
44,2
43,6
43,3
43,1
42,4
42,1
41,5
41,2
40,5
40,2
40,0
39,3
39,0
38,5
38,2
37,4
37,1
36,3
36,0
35,1
34,5
34,2
33,4
0,59
0,54
1,45
3,44
2,44
1,44
3,43
2,43
1,43
3,42
2,42
1,42
3,41
2,41
1,41
3,40
2,40
1,40
3,39
2,39
1,39
3,38
2,38
1,38
3,37
2,37
1,37
3,36
2,36
1,36
3,35
2,35
1,35
3,34
2,34
1,34
3,33
2,33
1,33
3,32
2,32
1,32
3,31
2,31
1,31
3,30
2,30
1,30
3,29
2,29
1,29
3,28
2,28
1,28
3,27
2,27
1,27
3,26
2,26
1,26
3,25
2,25
1,25
3,24
2,24
1,24
3,23
2,23
1,23
3,22
2,22
1,22
3,21
2,21
1,21
3,20
2,20
1,20
3,19
2,19
1,19
3,18
2,18
1,18
3,17
2,17
1,17
3,16
2,16
1,16
3,15
2,15
1,15
3,14
2,14
1,14
3,13
2,13
1,13
3,12
2,12
1,12
3,11
2,11
1,11
3,10
2,10
1,10
3,9
2,9
1,9
3,8
2,8
1,8
3,7
2,7
1,7
3,6
2,6
1,6
3,5
2,5
1,5
3,4
2,4
1,4
3,3
3,0
2,3
2,0
1,3
1,0
0,6
0,0
0,47
0,46
0,49
0,48
0,45
0,56
0,12
0,50
0,10
0,8
0,53
0,11
0,5
0,7
0,4
0,3
